Transecto	Zona	Zona2	Muestra	A530nm	A653nm	A0.24x653nm	A530-0.24x653	Area_petalo	Abs_corrected_area
2	L	L2	1	0.1744	0.0576	0.013824	0.1606	5.46	0.0294
2	L	L2	3	0.0756	0.0348	0.008352	0.0672	4.47	0.015
2	L	L2	4	0.1724	0.0481	0.011544	0.1609	5.43	0.0296
2	L	L2	7	0.0956	0.037	0.00888	0.0867	4.49	0.0193
2	L	L2	8	0.3111	0.0529	0.012696	0.2984	4.14	0.0721
2	L	L2	10	0.2259	0.0392	0.009408	0.2165	5.4	0.0401
2	L	L2	11	0.2179	0.0539	0.012936	0.205	5.72	0.0358
2	L	L2	13	0.0787	0.0338	0.008112	0.0706	5.46	0.0129
2	L	L2	14	0.1752	0.0589	0.014136	0.1611	8.03	0.0201
2	L	L2	15	0.1973	0.0382	0.009168	0.1881	4.03	0.0467
2	L	L2	16	0.3875	0.0372	0.008928	0.3786	6.58	0.0575
2	L	L2	17	0.222	0.0293	0.007032	0.215	7.69	0.028
2	L	L2	18	0.1839	0.0212	0.005088	0.1788	4.99	0.0358
2	L	L2	19	0.1145	0.0216	0.005184	0.1093	5.94	0.0184
2	L	L2	20	0.1598	0.0267	0.006408	0.1534	5.52	0.0278
1	M	M1	21	0.0229	0.0452	0.010848	0.0121	6.69	0.0018
1	M	M1	22	0.0269	0.0594	0.014256	0.0126	6.8	0.0019
1	M	M1	23	0.0202	0.0539	0.012936	0.0073	7.15	0.001
1	M	M1	24	0.0231	0.067	0.01608	0.007	7.63	0.0009
1	M	M1	25	0.029	0.0935	0.02244	0.0066	5.46	0.0012
1	M	M1	26	0.0181	0.0452	0.010848	0.0073	4.3	0.0017
1	M	M1	27	0.0106	0.0325	0.0078	0.0028	5.14	0.0005
1	M	M1	28	0.0128	0.037	0.00888	0.0039	6.24	0.0006
1	M	M1	29	0.0131	0.0339	0.008136	0.005	5.36	0.0009
1	M	M1	30	0.031	0.0788	0.018912	0.0121	5.98	0.002
1	M	M1	31	0.0207	0.0573	0.013752	0.0069	6.75	0.001
1	M	M1	32	0.0158	0.0512	0.012288	0.0035	6.82	0.0005
1	M	M1	33	0.0222	0.0588	0.014112	0.0081	5.67	0.0014
1	M	M1	34	0.0155	0.0424	0.010176	0.0053	4.95	0.0011
1	M	M1	35	0.0198	0.046	0.01104	0.0088	5.97	0.0015
1	M	M1	36	0.0244	0.0519	0.012456	0.0119	5.54	0.0022
1	M	M1	37	0.0232	0.0579	0.013896	0.0093	5.63	0.0017
1	M	M1	38	0.0171	0.0409	0.009816	0.0073	5.72	0.0013
1	M	M1	39	0.0271	0.0816	0.019584	0.0075	6.83	0.0011
1	M	M1	40	0.0208	0.066	0.01584	0.005	6.51	0.0008
1	M	M1	41	0.0172	0.0522	0.012528	0.0047	6	0.0008
1	M	M1	42	0.0343	0.1095	0.02628	0.008	6.26	0.0013
1	M	M1	43	0.0239	0.0791	0.018984	0.0049	5.41	0.0009
1	M	M1	44	0.027	0.0596	0.014304	0.0127	6.47	0.002
1	M	M1	45	0.0242	0.0831	0.019944	0.0043	5.91	0.0007
1	M	M1	46	0.0154	0.0483	0.011592	0.0038	5.05	0.0008
1	M	M1	47	0.0231	0.0635	0.01524	0.0079	6.03	0.0013
1	M	M1	48	0.0233	0.0968	0.023232	0.0001	5.43	0
1	M	M1	49	0.0269	0.0994	0.023856	0.003	5.08	0.0006
1	M	M1	50	0.0398	0.1257	0.030168	0.0096	7.04	0.0014
1	M	M1	51	0.0245	0.0774	0.018576	0.0059	6.79	0.0009
1	M	M1	52	0.0123	0.0408	0.009792	0.0025	5.33	0.0005
1	M	M1	53	0.042	0.0694	0.016656	0.0253	8.1	0.0031
1	M	M1	54	0.102	0.0764	0.018336	0.0837	5.98	0.014
1	M	M1	55	0.0289	0.1179	0.028296	0.0006	5.35	0.0001
1	M	M1	56	0.0186	0.0553	0.013272	0.0053	5.93	0.0009
1	M	M1	57	0.0399	0.0942	0.022608	0.0173	5.81	0.003
1	M	M1	58	0.0295	0.0682	0.016368	0.0131	6.8	0.0019
1	M	M1	59	0.0122	0.0397	0.009528	0.0027	5.43	0.0005
1	M	M1	60	0.0126	0.0339	0.008136	0.0045	6.01	0.0007
1	M	M1	61	0.0137	0.0456	0.010944	0.0028	7.09	0.0004
1	M	M1	62	0.0236	0.0753	0.018072	0.0055	6.51	0.0008
1	M	M1	63	0.0388	0.0902	0.021648	0.0172	6.46	0.0027
1	M	M1	64	0.022	0.0526	0.012624	0.0094	6.67	0.0014
1	M	M1	65	0.0135	0.0405	0.00972	0.0038	6.03	0.0006
1	M	M1	66	0.0172	0.0432	0.010368	0.0068	5.95	0.0011
1	M	M1	67	0.0075	0.0318	0.007632	0	4.78	0
1	M	M1	68	0.0114	0.0375	0.009	0.0024	4.52	0.0005
1	M	M1	70	0.2035	0.055	0.0132	0.1903	6.37	0.0299
1	M	M1	71	0.0196	0.0629	0.015096	0.0045	6.18	0.0007
1	M	M1	72	0.0266	0.0818	0.019632	0.007	6.55	0.0011
1	M	M1	73	0.018	0.0538	0.012912	0.0051	6.2	0.0008
1	M	M1	74	0.0335	0.0992	0.023808	0.0097	5.62	0.0017
1	M	M1	75	0.0827	0.0584	0.014016	0.0687	6.11	0.0112
1	M	M1	76	0.025	0.0821	0.019704	0.0053	6.14	0.0009
1	M	M1	77	0.025	0.0668	0.016032	0.009	6.92	0.0013
1	M	M1	78	0.0209	0.0721	0.017304	0.0036	5.95	0.0006
1	M	M1	79	0.0188	0.0523	0.012552	0.0062	5.96	0.001
1	M	M1	80	0.0238	0.056	0.01344	0.0104	5.66	0.0018
1	M	M1	81	0.0185	0.0315	0.00756	0.0109	5.29	0.0021
1	M	M1	82	0.0202	0.0675	0.0162	0.004	5.6	0.0007
1	M	M1	83	0.0259	0.0836	0.020064	0.0058	6.87	0.0008
1	M	M1	84	0.0218	0.0726	0.017424	0.0044	5.54	0.0008
1	M	M1	85	0.0209	0.052	0.01248	0.0084	5.77	0.0015
1	M	M1	86	0.0208	0.0525	0.0126	0.0082	6.52	0.0013
1	M	M1	87	0.05	0.0796	0.019104	0.0309	6.86	0.0045
1	M	M1	88	0.0145	0.0384	0.009216	0.0053	4.02	0.0013
1	M	M1	89	0.0297	0.0691	0.016584	0.0131	5.1	0.0026
1	M	M1	90	0.0173	0.0473	0.011352	0.0059	5.81	0.001
1	M	M1	91	0.0355	0.0669	0.016056	0.0194	7.15	0.0027
1	M	M1	92	0.0208	0.044	0.01056	0.0102	6.14	0.0017
1	M	M1	93	0.0182	0.0518	0.012432	0.0058	4.82	0.0012
1	M	M1	94	0.0184	0.0474	0.011376	0.007	5.49	0.0013
1	M	M1	95	0.0237	0.0593	0.014232	0.0095	5.85	0.0016
1	M	M1	96	0.0168	0.0403	0.009672	0.0071	6.82	0.001
1	M	M1	97	0.0638	0.0564	0.013536	0.0503	5.64	0.0089
1	M	M1	98	0.0247	0.0508	0.012192	0.0125	4.88	0.0026
1	M	M1	99	0.0203	0.0362	0.008688	0.0116	5.66	0.0021
1	H	H1	101	0.1156	0.0485	0.01164	0.104	6.64	0.0157
1	H	H1	106	0.1417	0.0955	0.02292	0.1188	5.73	0.0207
1	H	H1	105	0.0386	0.0548	0.013152	0.0254	6.53	0.0039
1	H	H1	112	0.026	0.0682	0.016368	0.0096	6.63	0.0015
1	H	H1	115	0.1657	0.0376	0.009024	0.1567	6.54	0.024
1	H	H1	116	0.1695	0.0914	0.021936	0.1476	6.55	0.0225
1	H	H1	117	0.039	0.1444	0.034656	0.0043	6.66	0.0007
1	H	H1	118	0.0939	0.0993	0.023832	0.0701	6.8	0.0103
1	H	H1	119	0.0197	0.0655	0.01572	0.004	5.9	0.0007
1	H	H1	120	0.0189	0.0439	0.010536	0.0084	6.18	0.0014
1	H	H1	121	0.0261	0.0926	0.022224	0.0039	NA	NA
1	H	H1	122	0.0162	0.0564	0.013536	0.0027	5.1	0.0005
1	H	H1	123	0.0211	0.0614	0.014736	0.0064	6.2	0.001
1	H	H1	125	0.206	0.0432	0.010368	0.1956	6.64	0.0295
1	H	H1	126	0.0243	0.08	0.0192	0.0051	5.27	0.001
1	H	H1	127	0.3509	0.2182	0.052368	0.2985	6.41	0.0466
1	H	H1	128	0.0106	0.0382	0.009168	0.0014	5.99	0.0002
1	H	H1	129	0.2174	0.0699	0.016776	0.2006	5.43	0.0369
1	H	H1	130	0.3077	0.0529	0.012696	0.295	5.79	0.051
1	H	H1	132	0.0358	0.0351	0.008424	0.0274	6.03	0.0045
1	H	H1	134	0.2781	0.0442	0.010608	0.2675	5.85	0.0457
1	H	H1	136	0.0485	0.0534	0.012816	0.0357	6.05	0.0059
1	H	H1	137	0.5767	0.1103	0.026472	0.5502	7.12	0.0773
1	H	H1	138	0.4334	0.1668	0.040032	0.3934	6.68	0.0589
1	H	H1	140	0.2862	0.0731	0.017544	0.2687	6.04	0.0445
1	H	H1	143	0.342	0.0707	0.016968	0.325	5.25	0.0619
1	H	H1	144	0.1101	0.05	0.012	0.0981	5.22	0.0188
1	H	H1	145	0.1828	0.0798	0.019152	0.1636	5.34	0.0306
1	H	H1	146	0.0998	0.0942	0.022608	0.0772	6.26	0.0123
1	H	H1	147	0.043	0.1647	0.039528	0.0035	6.98	0.0005
1	H	H1	148	0.2377	0.0451	0.010824	0.2269	6.66	0.0341
1	H	H1	149	0.1042	0.064	0.01536	0.0888	5.99	0.0148
1	H	H1	150	0.2774	0.1298	0.031152	0.2462	6.09	0.0404
1	H	H1	152	0.2225	0.0757	0.018168	0.2043	6.48	0.0315
1	H	H1	153	0.0265	0.0951	0.022824	0.0037	6.46	0.0006
1	H	H1	155	0.159	0.0753	0.018072	0.1409	4.93	0.0286
1	H	H1	156	0.0175	0.0418	0.010032	0.0075	6.35	0.0012
1	H	H1	158	0.2267	0.0962	0.023088	0.2036	7.7	0.0264
1	H	H1	160	0.2495	0.075	0.018	0.2315	NA	NA
1	H	H1	161	0.329	0.0518	0.012432	0.3166	5.34	0.0593
1	H	H1	162	0.2679	0.0721	0.017304	0.2506	7.49	0.0335
1	H	H1	163	0.0174	0.0534	0.012816	0.0046	NA	NA
1	H	H1	164	0.0905	0.0488	0.011712	0.0788	6.4	0.0123
1	H	H1	165	0.5196	0.0339	0.008136	0.5115	5.86	0.0873
1	H	H1	166	0.43	0.0602	0.014448	0.4156	5.59	0.0743
1	H	H1	167	0.2807	0.0513	0.012312	0.2684	6.03	0.0445
1	H	H1	168	0.2422	0.0516	0.012384	0.2298	6.67	0.0345
1	H	H1	170	0.3923	0.0481	0.011544	0.3808	6.42	0.0593
1	H	H1	171	0.648	0.0855	0.02052	0.6275	6.1	0.1029
1	H	H1	172	0.2439	0.0341	0.008184	0.2357	5.35	0.0441
1	H	H1	173	0.2102	0.0428	0.010272	0.1999	5.21	0.0384
1	H	H1	175	0.6958	0.0749	0.017976	0.6778	5.76	0.1177
1	H	H1	176	0.1375	0.0405	0.00972	0.1278	5.16	0.0248
1	H	H1	177	0.3084	0.0368	0.008832	0.2996	5.17	0.0579
1	H	H1	178	0.2729	0.0475	0.0114	0.2615	4.91	0.0533
1	H	H1	179	0.5256	0.0728	0.017472	0.5081	5.72	0.0888
1	L	L1	180	0.3469	0.089	0.02136	0.3255	6.64	0.049
1	L	L1	181	0.4531	0.0808	0.019392	0.4337	7.23	0.06
1	L	L1	183	0.5461	0.0706	0.016944	0.5292	8.34	0.0634
1	L	L1	184	0.2718	0.054	0.01296	0.2588	4.58	0.0565
1	L	L1	187	0.4771	0.0893	0.021432	0.4557	5.9	0.0772
1	L	L1	188	0.4132	0.092	0.02208	0.3911	8	0.0489
1	L	L1	189	0.2874	0.0546	0.013104	0.2743	5.35	0.0513
1	L	L1	190	0.3652	0.0452	0.010848	0.3544	6.82	0.052
1	L	L1	191	0.2551	0.0983	0.023592	0.2315	6.05	0.0383
1	L	L1	192	0.371	0.0639	0.015336	0.3557	6.35	0.056
1	L	L1	193	0.2942	0.0521	0.012504	0.2817	5.68	0.0496
1	L	L1	195	0.543	0.0715	0.01716	0.5258	6.22	0.0845
1	L	L1	196	0.3092	0.0442	0.010608	0.2986	5.79	0.0516
1	L	L1	197	0.5807	0.1076	0.025824	0.5549	7.62	0.0728
1	L	L1	198	0.2498	0.0448	0.010752	0.239	5.32	0.0449
1	L	L1	200	0.4533	0.0617	0.014808	0.4385	6.73	0.0652
1	L	L1	201	0.3439	0.0767	0.018408	0.3255	5.13	0.0634
1	L	L1	203	0.9982	0.1495	0.03588	0.9623	6.35	0.1515
1	L	L1	204	0.2501	0.0504	0.012096	0.238	5.16	0.0461
1	L	L1	205	0.2027	0.0511	0.012264	0.1904	6.32	0.0301
1	L	L1	206	0.4138	0.0881	0.021144	0.3927	5.39	0.0728
1	L	L1	207	0.3374	0.0779	0.018696	0.3187	6.07	0.0525
1	L	L1	208	0.3901	0.0516	0.012384	0.3777	5.31	0.0711
1	L	L1	210	0.5464	0.1078	0.025872	0.5205	4.13	0.126
1	L	L1	211	0.5435	0.0928	0.022272	0.5212	6.32	0.0825
1	L	L1	212	0.2622	0.0408	0.009792	0.2524	6.03	0.0419
1	L	L1	213	0.4569	0.0513	0.012312	0.4446	6.2	0.0717
1	L	L1	214	0.2048	0.0459	0.011016	0.1938	7.46	0.026
1	L	L1	215	0.7987	0.0796	0.019104	0.7796	6.59	0.1183
1	L	L1	217	0.718	0.0772	0.018528	0.6995	4.69	0.1491
1	L	L1	218	0.1959	0.0549	0.013176	0.1827	7.55	0.0242
1	L	L1	219	0.4665	0.045	0.0108	0.4557	4.22	0.108
1	L	L1	220	0.6651	0.0705	0.01692	0.6482	6.52	0.0994
1	L	L1	221	0.6536	0.0936	0.022464	0.6311	6.59	0.0958
1	L	L1	222	0.2047	0.131	0.03144	0.1733	5.97	0.029
1	L	L1	224	0.437	0.0439	0.010536	0.4265	5.54	0.077
1	L	L1	225	0.3602	0.058	0.01392	0.3463	6.27	0.0552
1	L	L1	226	0.9499	0.1125	0.027	0.9229	5.65	0.1633
1	L	L1	227	1.1872	0.1152	0.027648	1.1596	5.06	0.2292
1	L	L1	228	0.6081	0.0828	0.019872	0.5882	5.54	0.1062
1	L	L1	229	0.2655	0.0663	0.015912	0.2496	5.38	0.0464
1	L	L1	230	0.6102	0.0725	0.0174	0.5928	7.07	0.0838
1	L	L1	231	0.2509	0.0917	0.022008	0.2289	5.95	0.0385
1	L	L1	232	0.3405	0.1338	0.032112	0.3084	6.94	0.0444
1	L	L1	233	0.1622	0.1388	0.033312	0.1289	5.08	0.0254
1	L	L1	234	0.1079	0.0842	0.020208	0.0877	6.04	0.0145
1	L	L1	235	0.2638	0.0948	0.022752	0.241	5.33	0.0452
1	L	L1	236	0.4998	0.2028	0.048672	0.4511	6.94	0.065
1	L	L1	237	0.3896	0.1137	0.027288	0.3623	7.61	0.0476
1	L	L1	238	0.0628	0.1002	0.024048	0.0388	6.2	0.0063
1	L	L1	239	0.3852	0.1394	0.033456	0.3517	5.47	0.0643
1	L	L1	240	0.0893	0.1028	0.024672	0.0646	5.72	0.0113
1	L	L1	241	0.3835	0.12	0.0288	0.3547	5.85	0.0606
1	L	L1	242	0.2262	0.1869	0.044856	0.1813	7.69	0.0236
1	L	L1	243	0.1874	0.1379	0.033096	0.1543	6.5	0.0237
1	L	L1	244	0.3251	0.1704	0.040896	0.2842	6.52	0.0436
1	L	L1	245	0.1308	0.1446	0.034704	0.0961	6.45	0.0149
1	L	L1	246	0.2823	0.1845	0.04428	0.238	5.72	0.0416
1	L	L1	247	0.3248	0.109	0.02616	0.2986	7.25	0.0412
1	L	L1	248	0.2175	0.0909	0.021816	0.1957	7.87	0.0249
1	L	L1	249	0.0847	0.1025	0.0246	0.0601	5.84	0.0103
1	L	L1	250	0.1391	0.1032	0.024768	0.1143	5.81	0.0197
1	L	L1	251	0.1285	0.1017	0.024408	0.1041	5.82	0.0179
1	L	L1	252	0.1497	0.0792	0.019008	0.1307	5.85	0.0223
1	L	L1	254	0.1035	0.0603	0.014472	0.089	4.82	0.0185
1	L	L1	255	0.1667	0.1098	0.026352	0.1403	5.85	0.024
1	L	L1	256	0.5456	0.1204	0.028896	0.5167	5.86	0.0882
1	L	L1	257	0.1466	0.0837	0.020088	0.1265	5.21	0.0243
1	L	L1	258	0.1358	0.0902	0.021648	0.1142	5.52	0.0207
1	L	L1	259	0.0713	0.0707	0.016968	0.0543	4.85	0.0112
2	L	L2	261	0.0442	0.0326	0.007824	0.0364	4.84	0.0075
2	L	L2	263	0.2624	0.0624	0.014976	0.2474	5.59	0.0443
2	L	L2	264	0.3051	0.0503	0.012072	0.293	8.75	0.0335
2	L	L2	265	0.1617	0.0162	0.003888	0.1578	6.38	0.0247
2	L	L2	266	0.1721	0.0286	0.006864	0.1652	5.94	0.0278
2	L	L2	267	0.2121	0.0339	0.008136	0.204	6.01	0.0339
2	L	L2	268	0.2971	0.0442	0.010608	0.2865	6.48	0.0442
2	L	L2	269	0.2676	0.0349	0.008376	0.2592	5.95	0.0436
2	L	L2	270	0.1601	0.0623	0.014952	0.1451	7.42	0.0196
2	L	L2	271	0.1227	0.0429	0.010296	0.1124	6.45	0.0174
2	L	L2	272	0.1271	0.0396	0.009504	0.1176	5.35	0.022
2	L	L2	273	0.4709	0.0334	0.008016	0.4629	5.24	0.0883
2	L	L2	274	0.1319	0.032	0.00768	0.1242	4.95	0.0251
2	L	L2	275	0.1825	0.0289	0.006936	0.1756	5.47	0.0321
2	L	L2	276	0.1547	0.0429	0.010296	0.1444	5.16	0.028
2	L	L2	277	0.2938	0.044	0.01056	0.2832	5	0.0566
2	L	L2	278	0.2996	0.0701	0.016824	0.2828	6.91	0.0409
2	L	L2	279	0.1011	0.0583	0.013992	0.0871	7.54	0.0116
2	L	L2	280	0.2198	0.0519	0.012456	0.2073	6.19	0.0335
2	L	L2	281	0.1226	0.0467	0.011208	0.1114	6.67	0.0167
2	L	L2	282	0.2338	0.0377	0.009048	0.2248	4.27	0.0526
2	L	L2	283	0.2236	0.0552	0.013248	0.2104	5.64	0.0373
2	L	L2	284	0.2246	0.0356	0.008544	0.2161	5.28	0.0409
2	L	L2	285	0.394	0.039	0.00936	0.3846	5.52	0.0697
2	L	L2	286	0.1949	0.0498	0.011952	0.1829	6.16	0.0297
2	L	L2	287	0.2899	0.0641	0.015384	0.2745	6.26	0.0439
2	L	L2	288	0.2974	0.0398	0.009552	0.2878	4.59	0.0627
2	L	L2	289	0.2953	0.0477	0.011448	0.2839	5.29	0.0537
2	L	L2	290	0.4138	0.049	0.01176	0.402	5.98	0.0672
2	L	L2	291	0.2375	0.0426	0.010224	0.2273	5.66	0.0402
2	L	L2	292	0.1971	0.044	0.01056	0.1865	5.89	0.0317
2	L	L2	293	0.1467	0.0276	0.006624	0.1401	4.69	0.0299
2	L	L2	294	0.2201	0.0421	0.010104	0.21	4.09	0.0513
2	L	L2	295	0.2059	0.0488	0.011712	0.1942	7.22	0.0269
2	L	L2	296	0.2027	0.0327	0.007848	0.1949	6.26	0.0311
2	L	L2	297	0.2429	0.0893	0.021432	0.2215	5.98	0.037
2	L	L2	298	0.0978	0.0484	0.011616	0.0862	5.43	0.0159
2	L	L2	299	0.2092	0.0393	0.009432	0.1998	5.37	0.0372
2	L	L2	300	0.1748	0.0665	0.01596	0.1588	5.26	0.0302
2	L	L2	301	0.1107	0.0652	0.015648	0.0951	6.06	0.0157
2	L	L2	302	0.1324	0.0532	0.012768	0.1196	5	0.0239
2	L	L2	303	0.2151	0.0431	0.010344	0.2048	6.99	0.0293
2	L	L2	304	0.143	0.0408	0.009792	0.1332	6.35	0.021
2	L	L2	305	0.1306	0.0484	0.011616	0.119	7.33	0.0162
2	L	L2	306	0.1588	0.0734	0.017616	0.1412	6.19	0.0228
2	L	L2	307	0.1443	0.0555	0.01332	0.131	6.62	0.0198
2	L	L2	308	0.1345	0.0574	0.013776	0.1207	7.11	0.017
2	L	L2	309	0.0707	0.0275	0.0066	0.0641	5.06	0.0127
2	L	L2	310	0.1793	0.0534	0.012816	0.1665	7.27	0.0229
2	L	L2	311	0.2863	0.0425	0.0102	0.2761	6.61	0.0418
2	L	L2	313	0.3385	0.0683	0.016392	0.3221	6.21	0.0519
2	L	L2	315	0.23	0.0314	0.007536	0.2225	6.28	0.0354
2	L	L2	316	0.3607	0.055	0.0132	0.3475	7	0.0496
2	L	L2	317	0.333	0.045	0.0108	0.3222	5.89	0.0547
2	L	L2	318	0.015	0.0372	0.008928	0.0061	5.58	0.0011
2	L	L2	319	0.1598	0.0678	0.016272	0.1435	5.53	0.026
2	L	L2	320	0.1206	0.0447	0.010728	0.1099	5.16	0.0213
2	H	H2	321	0.037	0.0755	0.01812	0.0189	8.23	0.0023
2	H	H2	322	0.0495	0.1124	0.026976	0.0225	9.22	0.0024
2	H	H2	324	0.0477	0.1312	0.031488	0.0162	7.78	0.0021
2	H	H2	325	0.0315	0.0657	0.015768	0.0157	6.03	0.0026
2	H	H2	326	0.1115	0.0773	0.018552	0.0929	6.06	0.0153
2	H	H2	327	0.1372	0.084	0.02016	0.117	6.24	0.0188
2	H	H2	328	0.4583	0.1011	0.024264	0.434	6.27	0.0692
2	H	H2	329	0.0908	0.0544	0.013056	0.0777	5.97	0.013
2	H	H2	330	0.0516	0.059	0.01416	0.0374	7.31	0.0051
2	H	H2	333	0.0294	0.0631	0.015144	0.0143	5.83	0.0024
2	H	H2	334	0.2148	0.1033	0.024792	0.19	6.04	0.0315
2	H	H2	335	0.0292	0.0703	0.016872	0.0123	7.61	0.0016
2	H	H2	336	0.143	0.0787	0.018888	0.1241	5.88	0.0211
2	H	H2	337	0.0871	0.1786	0.042864	0.0442	6.06	0.0073
2	H	H2	338	0.1769	0.0988	0.023712	0.1532	7.09	0.0216
2	H	H2	339	0.0314	0.08	0.0192	0.0122	4.61	0.0026
2	H	H2	340	0.0463	0.116	0.02784	0.0185	5.61	0.0033
2	H	H2	341	0.0337	0.0678	0.016272	0.0174	5.28	0.0033
2	H	H2	342	0.0403	0.0998	0.023952	0.0163	7.27	0.0022
2	H	H2	343	0.3081	0.0884	0.021216	0.2869	8.24	0.0348
2	H	H2	344	0.0246	0.069	0.01656	0.008	7.27	0.0011
2	H	H2	346	0.023	0.064	0.01536	0.0076	7	0.0011
2	H	H2	347	0.0335	0.0922	0.022128	0.0114	8.29	0.0014
2	H	H2	348	0.0594	0.1728	0.041472	0.0179	8.3	0.0022
2	H	H2	349	0.0885	0.1129	0.027096	0.0614	5.91	0.0104
2	H	H2	350	0.0174	0.0507	0.012168	0.0052	6.6	0.0008
2	H	H2	351	0.0667	0.0848	0.020352	0.0463	6.09	0.0076
2	H	H2	352	0.2232	0.0543	0.013032	0.2102	5.72	0.0367
2	H	H2	353	0.0334	0.0626	0.015024	0.0184	6.26	0.0029
2	H	H2	354	0.0399	0.1039	0.024936	0.015	7.82	0.0019
2	H	H2	355	0.3718	0.1427	0.034248	0.3376	9.45	0.0357
2	H	H2	356	0.0467	0.0693	0.016632	0.0301	7.5	0.004
2	H	H2	357	0.0777	0.1022	0.024528	0.0532	8.41	0.0063
2	H	H2	358	0.2529	0.0517	0.012408	0.2405	6.73	0.0357
2	H	H2	359	0.029	0.073	0.01752	0.0115	6.73	0.0017
2	H	H2	360	0.0464	0.1354	0.032496	0.0139	7.82	0.0018
2	H	H2	361	0.107	0.0731	0.017544	0.0895	7.1	0.0126
2	H	H2	362	0.1032	0.0703	0.016872	0.0863	6.5	0.0133
2	H	H2	364	0.0914	0.0797	0.019128	0.0723	7.28	0.0099
2	H	H2	365	0.0301	0.076	0.01824	0.0119	6.46	0.0018
2	H	H2	368	0.0768	0.0926	0.022224	0.0546	7.93	0.0069
2	H	H2	369	0.1207	0.1077	0.025848	0.0949	6.64	0.0143
2	H	H2	370	0.445	0.1129	0.027096	0.4179	7.24	0.0577
2	H	H2	371	0.0505	0.1377	0.033048	0.0175	8.73	0.002
2	H	H2	372	0.041	0.1101	0.026424	0.0146	6.58	0.0022
2	H	H2	374	0.025	0.0643	0.015432	0.0096	6.72	0.0014
2	H	H2	375	0.0408	0.1024	0.024576	0.0162	6.86	0.0024
2	H	H2	376	0.0443	0.0535	0.01284	0.0315	4.98	0.0063
2	H	H2	377	0.1375	0.1008	0.024192	0.1133	7.12	0.0159
2	H	H2	378	0.0515	0.0712	0.017088	0.0344	5.6	0.0061
2	H	H2	380	0.0338	0.09	0.0216	0.0122	6.52	0.0019
2	H	H2	381	0.0324	0.096	0.02304	0.0094	6.98	0.0013
2	H	H2	382	0.0428	0.1217	0.029208	0.0136	7.55	0.0018
2	H	H2	383	0.034	0.0958	0.022992	0.011	6.71	0.0016
2	H	H2	384	0.0263	0.0678	0.016272	0.01	7.1	0.0014
2	H	H2	385	0.0735	0.1338	0.032112	0.0414	7.76	0.0053
2	H	H2	386	0.0754	0.0628	0.015072	0.0603	6.57	0.0092
2	H	H2	387	0.0224	0.0718	0.017232	0.0052	5.42	0.001
2	H	H2	388	0.4671	0.0822	0.019728	0.4474	7.01	0.0638
2	H	H2	389	0.0313	0.0661	0.015864	0.0154	6.61	0.0023
2	H	H2	390	0.1293	0.0692	0.016608	0.1127	5.27	0.0214
2	H	H2	391	0.0336	0.0781	0.018744	0.0149	7	0.0021
2	H	H2	392	0.0307	0.0788	0.018912	0.0118	6.42	0.0018
2	H	H2	393	0.0221	0.0597	0.014328	0.0078	7.16	0.0011
2	M	M2	401	0.061	0.155	0.0372	0.0238	5.56	0.0043
2	M	M2	402	0.0578	0.1073	0.025752	0.032	6.72	0.0048
2	M	M2	403	0.0493	0.1115	0.02676	0.0225	5.03	0.0045
2	M	M2	404	0.0393	0.0917	0.022008	0.0173	6.12	0.0028
2	M	M2	405	0.0357	0.0683	0.016392	0.0193	4.55	0.0042
2	M	M2	406	0.0538	0.1263	0.030312	0.0235	6.58	0.0036
2	M	M2	407	0.0681	0.1401	0.033624	0.0345	5.82	0.0059
2	M	M2	408	0.0785	0.1488	0.035712	0.0428	7.22	0.0059
2	M	M2	409	0.0435	0.1011	0.024264	0.0192	6.05	0.0032
2	M	M2	410	0.0472	0.0874	0.020976	0.0262	6.09	0.0043
2	M	M2	411	0.0507	0.1085	0.02604	0.0247	5.74	0.0043
2	M	M2	412	0.0809	0.1719	0.041256	0.0396	7.3	0.0054
2	M	M2	413	0.0782	0.1563	0.037512	0.0407	8.65	0.0047
2	M	M2	414	0.0807	0.1698	0.040752	0.0399	8.4	0.0048
2	M	M2	415	0.0696	0.1374	0.032976	0.0366	6.01	0.0061
2	M	M2	416	0.0518	0.0991	0.023784	0.028	6.64	0.0042
2	M	M2	417	0.0542	0.1181	0.028344	0.0259	6.6	0.0039
2	M	M2	418	0.0372	0.081	0.01944	0.0178	6.7	0.0027
2	M	M2	419	0.0458	0.0883	0.021192	0.0246	5.7	0.0043
2	M	M2	420	0.0547	0.1226	0.029424	0.0253	5.83	0.0043
2	M	M2	421	0.0976	0.1811	0.043464	0.0541	6.11	0.0089
2	M	M2	422	0.0579	0.1137	0.027288	0.0306	7.06	0.0043
2	M	M2	423	0.0857	0.1722	0.041328	0.0444	6.76	0.0066
2	M	M2	424	0.0539	0.0898	0.021552	0.0323	6.28	0.0052
2	M	M2	425	0.0417	0.0868	0.020832	0.0209	7.05	0.003
2	M	M2	426	0.0465	0.0977	0.023448	0.0231	6.48	0.0036
2	M	M2	427	0.0412	0.0716	0.017184	0.024	5.68	0.0042
2	M	M2	428	0.0332	0.0608	0.014592	0.0186	5.52	0.0034
2	M	M2	429	0.0843	0.1422	0.034128	0.0502	7.13	0.007
2	M	M2	430	0.0475	0.0739	0.017736	0.0298	6.93	0.0043
2	M	M2	431	0.0419	0.0847	0.020328	0.0216	6.45	0.0033
2	M	M2	432	0.0305	0.0696	0.016704	0.0138	6.75	0.002
2	M	M2	433	0.0359	0.086	0.02064	0.0153	4.9	0.0031
2	M	M2	434	0.0348	0.0772	0.018528	0.0163	5.36	0.003
2	M	M2	435	0.0308	0.0735	0.01764	0.0132	6.36	0.0021
2	M	M2	436	0.0198	0.054	0.01296	0.0068	5.58	0.0012
2	M	M2	437	0.0353	0.092	0.02208	0.0132	6.38	0.0021
2	M	M2	438	0.0299	0.0737	0.017688	0.0122	6.33	0.0019
2	M	M2	439	0.0218	0.0577	0.013848	0.008	5.62	0.0014
2	M	M2	440	0.0276	0.0666	0.015984	0.0116	5.26	0.0022
2	M	M2	441	0.0299	0.0794	0.019056	0.0108	5.92	0.0018
2	M	M2	442	0.0267	0.0696	0.016704	0.01	5.5	0.0018
2	M	M2	443	0.0338	0.0829	0.019896	0.0139	5.84	0.0024
2	M	M2	444	0.0472	0.1207	0.028968	0.0182	7.05	0.0026
2	M	M2	445	0.0322	0.0742	0.017808	0.0144	5.84	0.0025
2	M	M2	446	0.03	0.0708	0.016992	0.013	7.17	0.0018
2	M	M2	447	0.0431	0.0611	0.014664	0.0284	6.01	0.0047
2	M	M2	448	0.0224	0.0474	0.011376	0.011	4.37	0.0025
2	M	M2	449	0.0401	0.0888	0.021312	0.0188	6.12	0.0031
2	M	M2	451	0.0227	0.0492	0.011808	0.0109	4.95	0.0022
2	M	M2	452	0.0264	0.0363	0.008712	0.0177	6.16	0.0029
2	M	M2	453	0.0236	0.0455	0.01092	0.0127	6.35	0.002
2	M	M2	454	0.0163	0.037	0.00888	0.0074	5.31	0.0014
2	M	M2	455	0.0412	0.0889	0.021336	0.0199	6.67	0.003
2	M	M2	456	0.0255	0.0697	0.016728	0.0088	6.09	0.0014
2	M	M2	457	0.036	0.0941	0.022584	0.0134	6.02	0.0022
2	M	M2	458	0.0235	0.0535	0.01284	0.0107	5.13	0.0021
2	M	M2	459	0.047	0.0838	0.020112	0.0269	5.16	0.0052
2	M	M2	460	0.0319	0.0707	0.016968	0.0149	4.6	0.0032
2	M	M2	461	0.0379	0.0899	0.021576	0.0163	5.68	0.0029
2	M	M2	462	0.0293	0.0655	0.01572	0.0136	5.18	0.0026
2	M	M2	463	0.0528	0.1164	0.027936	0.0249	5.86	0.0042
2	M	M2	464	0.0327	0.0816	0.019584	0.0131	7.62	0.0017
2	M	M2	465	0.0198	0.0499	0.011976	0.0078	6.95	0.0011
2	M	M2	466	0.0354	0.0837	0.020088	0.0153	5.18	0.003
2	M	M2	467	0.0411	0.1058	0.025392	0.0157	6.85	0.0023
2	M	M2	468	0.0318	0.0451	0.010824	0.021	5.5	0.0038
2	M	M2	469	0.0301	0.0673	0.016152	0.0139	6.77	0.0021
2	M	M2	470	0.0204	0.0494	0.011856	0.0085	5.69	0.0015
2	M	M2	471	0.0255	0.0673	0.016152	0.0093	4.85	0.0019
2	M	M2	472	0.0286	0.0578	0.013872	0.0147	5.56	0.0026
2	M	M2	473	0.0239	0.0524	0.012576	0.0113	5.34	0.0021
2	M	M2	474	0.0282	0.0618	0.014832	0.0134	7.14	0.0019
2	M	M2	475	0.0277	0.0524	0.012576	0.0151	6.28	0.0024
2	M	M2	476	0.0371	0.0685	0.01644	0.0207	6.21	0.0033
2	M	M2	477	0.0303	0.0683	0.016392	0.0139	6.19	0.0022
2	M	M2	478	0.0175	0.0334	0.008016	0.0095	5.87	0.0016
2	M	M2	479	0.0364	0.075	0.018	0.0184	6.72	0.0027
2	M	M2	480	0.017	0.0428	0.010272	0.0067	6.2	0.0011