Transecto	Zona	Zona2	Muestra	A450nm	A653nm	A0.24x653nm	A450-0.24x653	Area_petalo	Abs_corrected_area
2	L	L2	1	0.0619	0.0283	0.006792	0.0336	5.46	0.006153846
2	L	L2	3	0.0402	0.0192	0.004608	0.021	4.47	0.004697987
2	L	L2	4	0.0552	0.0227	0.005448	0.0325	5.43	0.005985267
2	L	L2	7	0.0498	0.026	0.00624	0.0238	4.49	0.005300668
2	L	L2	8	0.0797	0.0423	0.010152	0.0374	4.14	0.009033816
2	L	L2	10	0.0741	0.0415	0.00996	0.0326	5.4	0.006037037
2	L	L2	11	0.0915	0.047	0.01128	0.0445	5.72	0.00777972
2	L	L2	13	0.0381	0.0139	0.003336	0.0242	5.46	0.004432234
2	L	L2	14	0.0869	0.0353	0.008472	0.0516	8.03	0.006425903
2	L	L2	15	0.0318	0.008	0.00192	0.0238	4.03	0.005905707
2	L	L2	16	0.0685	0.033	0.00792	0.0355	6.58	0.005395137
2	L	L2	17	0.0811	0.0396	0.009504	0.0415	7.69	0.005396619
2	L	L2	18	0.094	0.0767	0.018408	0.0173	4.99	0.003466934
2	L	L2	19	0.1133	0.0702	0.016848	0.0431	5.94	0.007255892
2	L	L2	20	0.1467	0.0919	0.022056	0.0548	5.52	0.009927536
1	M	M1	21	0.1284	0.0698	0.016752	0.0586	6.69	0.008759342
1	M	M1	22	0.1107	0.0039	0.000936	0.1068	6.8	0.015705882
1	M	M1	23	0.156	0.0019	0.000456	0.1541	7.15	0.021552448
1	M	M1	24	0.2844	0.015	0.0036	0.2694	7.63	0.035307995
1	M	M1	25	0.1391	0.0361	0.008664	0.103	5.46	0.018864469
1	M	M1	26	0.3867	0.0025	0.0006	0.3842	4.3	0.089348837
1	M	M1	27	0.1562	0.001	0.00024	0.1552	5.14	0.030194553
1	M	M1	28	0.2431	0.0026	0.000624	0.2405	6.24	0.038541667
1	M	M1	29	0.3778	0.0048	0.001152	0.373	5.36	0.069589552
1	M	M1	30	0.0525	0.0024	0.000576	0.0501	5.98	0.008377926
1	M	M1	31	0.5038	0.0091	0.002184	0.4947	6.75	0.073288889
1	M	M1	32	0.4415	0.0586	0.014064	0.3829	6.82	0.056143695
1	M	M1	33	0.5185	0.0618	0.014832	0.4567	5.67	0.080546737
1	M	M1	34	0.3937	0.0006	0.000144	0.3931	4.95	0.079414141
1	M	M1	35	0.2056	0.0042	0.001008	0.2014	5.97	0.033735343
1	M	M1	36	0.3461	0.0062	0.001488	0.3399	5.54	0.061353791
1	M	M1	37	0.1807	0.0068	0.001632	0.1739	5.63	0.030888099
1	M	M1	38	0.4954	0.0058	0.001392	0.4896	5.72	0.085594406
1	M	M1	39	0.0542	0.0015	0.00036	0.0527	6.83	0.007715959
1	M	M1	40	0.4657	0.0095	0.00228	0.4562	6.51	0.070076805
1	M	M1	41	0.8772	0.014	0.00336	0.8632	6	0.143866667
1	M	M1	42	0.4047	0.0297	0.007128	0.375	6.26	0.059904153
1	M	M1	43	0.5644	0.042	0.01008	0.5224	5.41	0.096561922
1	M	M1	44	0.331	0.0835	0.02004	0.2475	6.47	0.038253478
1	M	M1	45	0.3651	0.1162	0.027888	0.2489	5.91	0.042115059
1	M	M1	46	0.4043	0.0772	0.018528	0.3271	5.05	0.064772277
1	M	M1	47	0.1349	0.0112	0.002688	0.1237	6.03	0.020514096
1	M	M1	48	0.2685	0.1115	0.02676	0.157	5.43	0.028913444
1	M	M1	49	0.3163	0.1003	0.024072	0.216	5.08	0.042519685
1	M	M1	50	0.1175	0.0113	0.002712	0.1062	7.04	0.015085227
1	M	M1	51	0.7976	0.086	0.02064	0.7116	6.79	0.104801178
1	M	M1	52	0.4725	0.0508	0.012192	0.4217	5.33	0.079118199
1	M	M1	53	0.1608	0.1243	0.029832	0.0365	8.1	0.004506173
1	M	M1	54	0.3181	0.1667	0.040008	0.1514	5.98	0.025317726
1	M	M1	55	0.3581	0.1502	0.036048	0.2079	5.35	0.038859813
1	M	M1	56	0.1932	0.1526	0.036624	0.0406	5.93	0.006846543
1	M	M1	57	0.2078	0.1216	0.029184	0.0862	5.81	0.014836489
1	M	M1	58	0.0611	0.0227	0.005448	0.0384	6.8	0.005647059
1	M	M1	59	0.398	0.109	0.02616	0.289	5.43	0.053222836
1	M	M1	60	0.4787	0.0417	0.010008	0.437	6.01	0.072712146
1	M	M1	61	0.1068	0.0781	0.018744	0.0287	7.09	0.004047955
1	M	M1	62	0.1971	0.0118	0.002832	0.1853	6.51	0.028463902
1	M	M1	63	0.2695	0.0706	0.016944	0.1989	6.46	0.030789474
1	M	M1	64	0.3775	0.0404	0.009696	0.3371	6.67	0.05053973
1	M	M1	65	0.3845	0.0261	0.006264	0.3584	6.03	0.059436153
1	M	M1	67	0.4089	0.1706	0.040944	0.2383	4.78	0.049853556
1	M	M1	68	0.4334	0.1846	0.044304	0.2488	4.52	0.055044248
1	M	M1	69	0.4867	0.1118	0.026832	0.3749	5.75	0.0652
1	M	M1	70	0.2149	0.1691	0.040584	0.0458	6.37	0.007189953
1	M	M1	71	0.3815	0.1304	0.031296	0.2511	6.18	0.040631068
1	M	M1	72	0.8206	0.2177	0.052248	0.6029	6.55	0.092045802
1	M	M1	73	0.424	0.1772	0.042528	0.2468	6.2	0.039806452
1	M	M1	74	0.1845	0.1006	0.024144	0.0839	5.62	0.014928826
1	M	M1	75	0.1542	0.0993	0.023832	0.0549	6.11	0.00898527
1	M	M1	76	0.1587	0.1004	0.024096	0.0583	6.14	0.009495114
1	M	M1	77	0.2648	0.1561	0.037464	0.1087	6.92	0.015708092
1	M	M1	78	0.1325	0.1002	0.024048	0.0323	5.95	0.005428571
1	M	M1	79	0.2291	0.0779	0.018696	0.1512	5.96	0.025369128
1	M	M1	80	0.7763	0.1599	0.038376	0.6164	5.66	0.108904594
1	M	M1	81	0.4257	0.1049	0.025176	0.3208	5.29	0.060642722
1	M	M1	82	0.1271	0.0989	0.023736	0.0282	5.6	0.005035714
1	M	M1	83	0.1555	0.1158	0.027792	0.0397	6.87	0.005778748
1	M	M1	84	0.2809	0.1164	0.027936	0.1645	5.54	0.029693141
1	M	M1	85	0.4936	0.0619	0.014856	0.4317	5.77	0.074818024
1	M	M1	86	0.1363	0.0538	0.012912	0.0825	6.52	0.012653374
1	M	M1	87	0.6071	0.0979	0.023496	0.5092	6.86	0.074227405
1	M	M1	88	0.1292	0.0839	0.020136	0.0453	4.02	0.011268657
1	M	M1	89	0.2076	0.0939	0.022536	0.1137	5.1	0.022294118
1	M	M1	90	0.1986	0.1328	0.031872	0.0658	5.81	0.011325301
1	M	M1	91	0.1654	0.0999	0.023976	0.0655	7.15	0.009160839
1	M	M1	92	1.037	0.1623	0.038952	0.8747	6.14	0.142459283
1	M	M1	93	0.3122	0.0769	0.018456	0.2353	4.82	0.048817427
1	M	M1	94	0.2128	0.0937	0.022488	0.1191	5.49	0.021693989
1	M	M1	95	0.2567	0.1098	0.026352	0.1469	5.85	0.025111111
1	M	M1	96	0.8625	0.1501	0.036024	0.7124	6.82	0.104457478
1	M	M1	97	0.5223	0.1041	0.024984	0.4182	5.64	0.074148936
1	M	M1	98	0.6766	0.0382	0.009168	0.6384	4.88	0.130819672
1	M	M1	99	1.1326	0.069	0.01656	1.0636	5.66	0.187915194
1	H	H1	101	0.0401	0.0145	0.00348	0.0256	6.64	0.003855422
1	H	H1	105	0.0014	0.0006	0.000144	0.0008	6.53	0.000122511
1	H	H1	112	0.0087	0.0044	0.001056	0.0043	6.63	0.000648567
1	H	H1	115	0.0332	0.0166	0.003984	0.0166	6.54	0.002538226
1	H	H1	116	0.0187	0.0049	0.001176	0.0138	6.55	0.00210687
1	H	H1	117	0.0346	0.0088	0.002112	0.0258	6.66	0.003873874
1	H	H1	118	0.017	0.0036	0.000864	0.0134	6.8	0.001970588
1	H	H1	119	0.0775	0.0248	0.005952	0.0527	5.9	0.008932203
1	H	H1	120	0.362	0.0172	0.004128	0.3448	6.18	0.05579288
1	H	H1	121	0.0873	0.0461	0.011064	0.0412	NA	NA
1	H	H1	122	0.0605	0.0149	0.003576	0.0456	5.1	0.008941176
1	H	H1	123	0.0342	0.0072	0.001728	0.027	6.2	0.004354839
1	H	H1	125	0.0205	0.0145	0.00348	0.006	6.64	0.000903614
1	H	H1	126	0.0543	0.0198	0.004752	0.0345	5.27	0.00654649
1	H	H1	127	0.1011	0.0593	0.014232	0.0418	6.41	0.006521061
1	H	H1	128	0.1559	0.0802	0.019248	0.0757	5.99	0.01263773
1	H	H1	129	0.1084	0.0554	0.013296	0.053	5.43	0.009760589
1	H	H1	130	0.1614	0.0092	0.002208	0.1522	5.79	0.026286701
1	H	H1	132	0.1067	0.0797	0.019128	0.027	6.03	0.004477612
1	H	H1	134	0.1767	0.0467	0.011208	0.13	5.85	0.022222222
1	H	H1	136	0.0049	0.0025	0.0006	0.0024	6.05	0.000396694
1	H	H1	137	0.1034	0.0829	0.019896	0.0205	7.12	0.002879213
1	H	H1	138	0.1716	0.1293	0.031032	0.0423	6.68	0.006332335
1	H	H1	140	0.1352	0.1042	0.025008	0.031	6.04	0.00513245
1	H	H1	143	0.1071	0.0721	0.017304	0.035	5.25	0.006666667
1	H	H1	144	0.0461	0.0224	0.005376	0.0237	5.22	0.00454023
1	H	H1	145	0.0923	0.0722	0.017328	0.0201	5.34	0.003764045
1	H	H1	146	0.1444	0.017	0.00408	0.1274	6.26	0.020351438
1	H	H1	147	0.1546	0.1145	0.02748	0.0401	6.98	0.005744986
1	H	H1	148	0.0339	0.0091	0.002184	0.0248	6.66	0.003723724
1	H	H1	149	0.0454	0.0196	0.004704	0.0258	5.99	0.004307179
1	H	H1	150	0.0361	0.0202	0.004848	0.0159	6.09	0.002610837
1	H	H1	152	0.0267	0.0123	0.002952	0.0144	6.48	0.002222222
1	H	H1	153	0.082	0.0582	0.013968	0.0238	6.46	0.003684211
1	H	H1	155	0.0337	0.0153	0.003672	0.0184	4.93	0.003732252
1	H	H1	156	0.1809	0.1471	0.035304	0.0338	6.35	0.005322835
1	H	H1	158	0.0353	0.0101	0.002424	0.0252	7.7	0.003272727
1	H	H1	160	0.0472	0.0235	0.00564	0.0237	NA	NA
1	H	H1	161	0.0232	0.0067	0.001608	0.0165	5.34	0.003089888
1	H	H1	162	0.0625	0.0296	0.007104	0.0329	7.49	0.004392523
1	H	H1	163	0.0571	0.0243	0.005832	0.0328	NA	NA
1	H	H1	164	0.055	0.0208	0.004992	0.0342	6.4	0.00534375
1	H	H1	165	0.065	0.0044	0.001056	0.0606	5.86	0.010341297
1	H	H1	166	0.034	0.0133	0.003192	0.0207	5.59	0.003703041
1	H	H1	167	0.02	0.0132	0.003168	0.0068	6.03	0.001127695
1	H	H1	168	0.051	0.0185	0.00444	0.0325	6.67	0.004872564
1	H	H1	170	0.0151	0.004	0.00096	0.0111	6.42	0.001728972
1	H	H1	171	0.0333	0.0166	0.003984	0.0167	6.1	0.002737705
1	H	H1	172	0.0283	0.0299	0.007176	-0.0016	5.35	-0.000299065
1	H	H1	173	0.0638	0.01	0.0024	0.0538	5.21	0.010326296
1	H	H1	175	0.0183	0.0094	0.002256	0.0089	5.76	0.001545139
1	H	H1	176	0.0489	0.0192	0.004608	0.0297	5.16	0.005755814
1	H	H1	177	0.0247	0.0086	0.002064	0.0161	5.17	0.00311412
1	H	H1	178	0.011	0.0052	0.001248	0.0058	4.91	0.001181263
1	H	H1	179	-0.0018	-0.0028	-0.000672	0.001	5.72	0.000174825
1	L	L1	180	0.0085	0.0054	0.001296	0.0031	6.64	0.000466867
1	L	L1	181	0.0214	0.0054	0.001296	0.016	7.23	0.002213001
1	L	L1	183	0.0855	0.0552	0.013248	0.0303	8.34	0.003633094
1	L	L1	184	0.0484	0.0228	0.005472	0.0256	4.58	0.00558952
1	L	L1	187	0.0467	0.0175	0.0042	0.0292	5.9	0.004949153
1	L	L1	188	0.2278	0.1143	0.027432	0.1135	8	0.0141875
1	L	L1	189	0.114	0.0449	0.010776	0.0691	5.35	0.012915888
1	L	L1	190	0.0304	0.01	0.0024	0.0204	6.82	0.002991202
1	L	L1	191	0.1002	0.0318	0.007632	0.0684	6.05	0.011305785
1	L	L1	192	0.0451	0.0173	0.004152	0.0278	6.35	0.004377953
1	L	L1	193	0.041	0.016	0.00384	0.025	5.68	0.004401408
1	L	L1	195	0.0591	0.0204	0.004896	0.0387	6.22	0.006221865
1	L	L1	196	0.0435	0.017	0.00408	0.0265	5.79	0.004576857
1	L	L1	197	0.1825	0.1136	0.027264	0.0689	7.62	0.009041995
1	L	L1	198	0.1464	0.1024	0.024576	0.044	5.32	0.008270677
1	L	L1	200	0.0374	0.0121	0.002904	0.0253	6.73	0.003759287
1	L	L1	201	0.0542	0.0158	0.003792	0.0384	5.13	0.00748538
1	L	L1	202	0.1596	0.0674	0.016176	0.0922	5.53	0.016672694
1	L	L1	203	0.0667	0.0257	0.006168	0.041	6.35	0.006456693
1	L	L1	204	0.0768	0.0286	0.006864	0.0482	5.16	0.009341085
1	L	L1	205	0.055	0.0144	0.003456	0.0406	6.32	0.006424051
1	L	L1	206	0.0524	0.0117	0.002808	0.0407	5.39	0.00755102
1	L	L1	207	0.1122	0.0505	0.01212	0.0617	6.07	0.010164745
1	L	L1	208	0.019	0.0063	0.001512	0.0127	5.31	0.002391714
1	L	L1	210	0.1507	0.0647	0.015528	0.086	4.13	0.020823245
1	L	L1	211	0.1202	0.0648	0.015552	0.0554	6.32	0.008765823
1	L	L1	212	0.0801	0.0334	0.008016	0.0467	6.03	0.00774461
1	L	L1	213	0.0359	0.012	0.00288	0.0239	6.2	0.003854839
1	L	L1	214	0.0476	0.0169	0.004056	0.0307	7.46	0.004115282
1	L	L1	215	0.0666	0.0189	0.004536	0.0477	6.59	0.00723824
1	L	L1	217	0.0844	0.0323	0.007752	0.0521	4.69	0.011108742
1	L	L1	218	0.0566	0.0234	0.005616	0.0332	7.55	0.004397351
1	L	L1	219	0.0474	0.0249	0.005976	0.0225	4.22	0.005331754
1	L	L1	220	0.1246	0.0378	0.009072	0.0868	6.52	0.013312883
1	L	L1	221	0.1486	0.0537	0.012888	0.0949	6.59	0.014400607
1	L	L1	222	0.0433	0.0126	0.003024	0.0307	5.97	0.005142379
1	L	L1	224	0.0505	0.0221	0.005304	0.0284	5.54	0.005126354
1	L	L1	225	0.0778	0.032	0.00768	0.0458	6.27	0.007304625
1	L	L1	226	0.1573	0.0925	0.0222	0.0648	5.65	0.011469027
1	L	L1	227	0.0905	0.0336	0.008064	0.0569	5.06	0.011245059
1	L	L1	228	0.0512	0.0173	0.004152	0.0339	5.54	0.006119134
1	L	L1	229	0.0816	0.0342	0.008208	0.0474	5.38	0.008810409
1	L	L1	230	0.0455	0.0232	0.005568	0.0223	7.07	0.003154173
1	L	L1	231	0.05	0.0114	0.002736	0.0386	5.95	0.006487395
1	L	L1	232	0.0547	0.0153	0.003672	0.0394	6.94	0.005677233
1	L	L1	233	0.2399	0.1197	0.028728	0.1202	5.08	0.023661417
1	L	L1	234	0.0425	0.011	0.00264	0.0315	6.04	0.005215232
1	L	L1	235	0.1342	0.055	0.0132	0.0792	5.33	0.014859287
1	L	L1	236	0.1428	0.0637	0.015288	0.0791	6.94	0.011397695
1	L	L1	237	0.1857	0.1281	0.030744	0.0576	7.61	0.007568988
1	L	L1	238	0.2001	0.1088	0.026112	0.0913	6.2	0.014725806
1	L	L1	239	0.1536	0.0859	0.020616	0.0677	5.47	0.0123766
1	L	L1	240	0.1032	0.0511	0.012264	0.0521	5.72	0.009108392
1	L	L1	241	0.0681	0.0266	0.006384	0.0415	5.85	0.007094017
1	L	L1	242	0.1555	0.0861	0.020664	0.0694	7.69	0.009024707
1	L	L1	243	0.0797	0.041	0.00984	0.0387	6.5	0.005953846
1	L	L1	244	0.1444	0.0558	0.013392	0.0886	6.52	0.013588957
1	L	L1	245	0.0835	0.0286	0.006864	0.0549	6.45	0.008511628
1	L	L1	246	0.0986	0.0355	0.00852	0.0631	5.72	0.011031469
1	L	L1	247	0.0716	0.0202	0.004848	0.0514	7.25	0.007089655
1	L	L1	248	0.106	0.0548	0.013152	0.0512	7.87	0.006505718
1	L	L1	249	0.0959	0.0629	0.015096	0.033	5.84	0.005650685
1	L	L1	250	0.0598	0.0237	0.005688	0.0361	5.81	0.006213425
1	L	L1	251	0.1095	0.0724	0.017376	0.0371	5.82	0.00637457
1	L	L1	252	0.0822	0.0262	0.006288	0.056	5.85	0.00957265
1	L	L1	254	0.0529	0.0169	0.004056	0.036	4.82	0.00746888
1	L	L1	255	0.0401	0.0126	0.003024	0.0275	5.85	0.004700855
1	L	L1	256	0.062	0.0236	0.005664	0.0384	5.86	0.006552901
1	L	L1	257	0.0355	0.0082	0.001968	0.0273	5.21	0.005239923
1	L	L1	258	0.082	0.0319	0.007656	0.0501	5.52	0.009076087
1	L	L1	259	0.032	0.0083	0.001992	0.0237	4.85	0.004886598
2	L	L2	261	0.038	0.0143	0.003432	0.0237	4.84	0.004896694
2	L	L2	263	0.047	0.0083	0.001992	0.0387	5.59	0.006923077
2	L	L2	264	0.0557	0.0263	0.006312	0.0294	8.75	0.00336
2	L	L2	265	0.0589	0.0241	0.005784	0.0348	6.38	0.005454545
2	L	L2	266	0.0471	0.0162	0.003888	0.0309	5.94	0.00520202
2	L	L2	267	0.0399	0.0089	0.002136	0.031	6.01	0.00515807
2	L	L2	268	0.1225	0.051	0.01224	0.0715	6.48	0.011033951
2	L	L2	269	0.0388	0.0074	0.001776	0.0314	5.95	0.005277311
2	L	L2	271	0.062	0.0298	0.007152	0.0322	6.45	0.004992248
2	L	L2	272	0.0467	0.0121	0.002904	0.0346	5.35	0.00646729
2	L	L2	273	0.0256	0.0065	0.00156	0.0191	5.24	0.003645038
2	L	L2	274	0.0348	0.013	0.00312	0.0218	4.95	0.00440404
2	L	L2	275	0.0444	0.0186	0.004464	0.0258	5.47	0.004716636
2	L	L2	276	0.0576	0.0173	0.004152	0.0403	5.16	0.007810078
2	L	L2	277	0.0299	0.0065	0.00156	0.0234	5	0.00468
2	L	L2	278	0.152	0.0726	0.017424	0.0794	6.91	0.011490593
2	L	L2	279	0.1071	0.0557	0.013368	0.0514	7.54	0.006816976
2	L	L2	280	0.0297	0.0055	0.00132	0.0242	6.19	0.003909532
2	L	L2	281	0.0781	0.032	0.00768	0.0461	6.67	0.006911544
2	L	L2	282	0.0667	0.0253	0.006072	0.0414	4.27	0.00969555
2	L	L2	283	0.0909	0.0392	0.009408	0.0517	5.64	0.009166667
2	L	L2	284	0.1106	0.0706	0.016944	0.04	5.28	0.007575758
2	L	L2	285	0.0847	0.0373	0.008952	0.0474	5.52	0.008586957
2	L	L2	286	0.0965	0.0397	0.009528	0.0568	6.16	0.009220779
2	L	L2	287	0.1214	0.0545	0.01308	0.0669	6.26	0.010686901
2	L	L2	288	0.0343	0.017	0.00408	0.0173	4.59	0.003769063
2	L	L2	289	0.0452	0.0209	0.005016	0.0243	5.29	0.004593573
2	L	L2	290	0.0815	0.0426	0.010224	0.0389	5.98	0.006505017
2	L	L2	291	0.0103	-0.0032	-0.000768	0.0135	5.66	0.002385159
2	L	L2	292	0.0242	0.0062	0.001488	0.018	5.89	0.003056027
2	L	L2	293	0.0318	0.0092	0.002208	0.0226	4.69	0.004818763
2	L	L2	294	0.2048	0.1576	0.037824	0.0472	4.09	0.011540342
2	L	L2	295	0.1414	0.0752	0.018048	0.0662	7.22	0.009168975
2	L	L2	296	0.1979	0.1205	0.02892	0.0774	6.26	0.012364217
2	L	L2	297	0.2365	0.1466	0.035184	0.0899	5.98	0.015033445
2	L	L2	298	0.1559	0.0869	0.020856	0.069	5.43	0.012707182
2	L	L2	299	0.0869	0.0414	0.009936	0.0455	5.37	0.008472998
2	L	L2	300	0.2138	0.1216	0.029184	0.0922	5.26	0.017528517
2	L	L2	301	0.093	0.0364	0.008736	0.0566	6.06	0.009339934
2	L	L2	303	0.2055	0.1398	0.033552	0.0657	6.99	0.009399142
2	L	L2	304	0.1388	0.0959	0.023016	0.0429	6.35	0.006755906
2	L	L2	305	0.3272	0.2099	0.050376	0.1173	7.33	0.016002729
2	L	L2	306	0.3659	0.2416	0.057984	0.1243	6.19	0.020080775
2	L	L2	307	0.265	0.2306	0.055344	0.0344	6.62	0.005196375
2	L	L2	308	0.1034	0.0625	0.015	0.0409	7.11	0.005752461
2	L	L2	309	0.1369	0.081	0.01944	0.0559	5.06	0.011047431
2	L	L2	310	0.1506	0.0908	0.021792	0.0598	7.27	0.008225585
2	L	L2	311	0.2421	0.048	0.01152	0.1941	6.61	0.029364599
2	L	L2	313	0.2641	0.1651	0.039624	0.099	6.21	0.015942029
2	L	L2	315	0.0915	0.0518	0.012432	0.0397	6.28	0.006321656
2	L	L2	316	0.1225	0.0691	0.016584	0.0534	7	0.007628571
2	L	L2	317	0.0674	0.0268	0.006432	0.0406	5.89	0.006893039
2	L	L2	318	0.0362	0.0106	0.002544	0.0256	5.58	0.004587814
2	L	L2	319	0.0837	0.0405	0.00972	0.0432	5.53	0.007811935
2	L	L2	320	0.2644	0.1926	0.046224	0.0718	5.16	0.013914729
2	H	H2	321	0.765	0.028	0.00672	0.737	8.23	0.089550425
2	H	H2	322	0.1568	0.0911	0.021864	0.0657	9.22	0.007125813
2	H	H2	324	0.2192	0.096	0.02304	0.1232	7.78	0.015835476
2	H	H2	325	0.1754	0.0329	0.007896	0.1425	6.03	0.023631841
2	H	H2	326	0.9866	0.1009	0.024216	0.8857	6.06	0.146155116
2	H	H2	327	0.6052	0.054	0.01296	0.5512	6.24	0.088333333
2	H	H2	328	0.099	0.01	0.0024	0.089	6.27	0.014194577
2	H	H2	329	0.5103	0.0268	0.006432	0.4835	5.97	0.080988275
2	H	H2	330	0.0731	0.0139	0.003336	0.0592	7.31	0.008098495
2	H	H2	333	0.286	0.0252	0.006048	0.2608	5.83	0.044734134
2	H	H2	334	0.0622	0.0257	0.006168	0.0365	6.04	0.006043046
2	H	H2	335	0.1655	0.0372	0.008928	0.1283	7.61	0.016859396
2	H	H2	336	0.3283	0.0472	0.011328	0.2811	5.88	0.047806122
2	H	H2	337	0.139	0.0432	0.010368	0.0958	6.06	0.015808581
2	H	H2	338	0.078	0.0121	0.002904	0.0659	7.09	0.009294781
2	H	H2	339	0.2444	0.0028	0.000672	0.2416	4.61	0.052407809
2	H	H2	340	0.0899	0.0312	0.007488	0.0587	5.61	0.010463458
2	H	H2	341	0.8645	0.048	0.01152	0.8165	5.28	0.154640152
2	H	H2	342	0.1554	0.0327	0.007848	0.1227	7.27	0.016877579
2	H	H2	343	0.0464	0.0095	0.00228	0.0369	8.24	0.004478155
2	H	H2	344	0.2487	0.0701	0.016824	0.1786	7.27	0.024566713
2	H	H2	346	0.3162	0.1256	0.030144	0.1906	7	0.027228571
2	H	H2	347	0.3601	0.166	0.03984	0.1941	8.29	0.023413752
2	H	H2	348	0.2158	0.0977	0.023448	0.1181	8.3	0.014228916
2	H	H2	349	0.6115	0.1993	0.047832	0.4122	5.91	0.069746193
2	H	H2	350	0.3082	0.0911	0.021864	0.2171	6.6	0.032893939
2	H	H2	351	0.9238	0.2089	0.050136	0.7149	6.09	0.117389163
2	H	H2	352	0.7537	0.1849	0.044376	0.5688	5.72	0.099440559
2	H	H2	353	0.3043	0.1301	0.031224	0.1742	6.26	0.027827476
2	H	H2	354	0.2542	0.132	0.03168	0.1222	7.82	0.015626598
2	H	H2	355	0.199	0.0933	0.022392	0.1057	9.45	0.011185185
2	H	H2	356	0.1246	0.0692	0.016608	0.0554	7.5	0.007386667
2	H	H2	357	0.3136	0.1594	0.038256	0.1542	8.41	0.018335315
2	H	H2	358	0.5897	0.1781	0.042744	0.4116	6.73	0.06115899
2	H	H2	359	0.7066	0.2406	0.057744	0.466	6.73	0.069242199
2	H	H2	360	0.2784	0.1426	0.034224	0.1358	7.82	0.017365729
2	H	H2	361	0.2452	0.1673	0.040152	0.0779	7.1	0.010971831
2	H	H2	362	0.1613	0.086	0.02064	0.0753	6.5	0.011584615
2	H	H2	364	0.3767	0.1594	0.038256	0.2173	7.28	0.029848901
2	H	H2	365	0.4488	0.0614	0.014736	0.3874	6.46	0.05996904
2	H	H2	366	0.0371	0.0003	7.20E-05	0.0368	6.79	0.005419735
2	H	H2	367	0.1569	0.0059	0.001416	0.151	7.47	0.02021419
2	H	H2	369	0.9006	0.1063	0.025512	0.7943	6.64	0.119623494
2	H	H2	370	0.1582	0.0572	0.013728	0.101	7.24	0.013950276
2	H	H2	371	0.4001	0.1577	0.037848	0.2424	8.73	0.027766323
2	H	H2	372	0.1907	0.0973	0.023352	0.0934	6.58	0.014194529
2	H	H2	374	0.285	0.1506	0.036144	0.1344	6.72	0.02
2	H	H2	375	0.5274	0.21	0.0504	0.3174	6.86	0.046268222
2	H	H2	376	0.2926	0.159	0.03816	0.1336	4.98	0.026827309
2	H	H2	377	0.5381	0.1137	0.027288	0.4244	7.12	0.059606742
2	H	H2	378	0.7168	0.1285	0.03084	0.5883	5.6	0.105053571
2	H	H2	380	1.0629	0.1543	0.037032	0.9086	6.52	0.139355828
2	H	H2	381	0.6386	0.2014	0.048336	0.4372	6.98	0.062636103
2	H	H2	382	0.3893	0.0652	0.015648	0.3241	7.55	0.042927152
2	H	H2	383	0.2938	0.1674	0.040176	0.1264	6.71	0.018837556
2	H	H2	384	0.3384	0.1104	0.026496	0.228	7.1	0.032112676
2	H	H2	385	0.113	0.0888	0.021312	0.0242	7.76	0.003118557
2	H	H2	386	0.211	0.0288	0.006912	0.1822	6.57	0.027732116
2	H	H2	387	0.2151	0.1176	0.028224	0.0975	5.42	0.01798893
2	H	H2	388	0.1999	0.1548	0.037152	0.0451	7.01	0.006433666
2	H	H2	389	0.2502	0.2121	0.050904	0.0381	6.61	0.005763994
2	H	H2	390	0.2779	0.1844	0.044256	0.0935	5.27	0.017741935
2	H	H2	391	0.1531	0.0937	0.022488	0.0594	7	0.008485714
2	H	H2	392	0.1267	0.0888	0.021312	0.0379	6.42	0.005903427
2	H	H2	393	0.1951	0.1038	0.024912	0.0913	7.16	0.012751397
2	M	M2	401	0.955	0.1171	0.028104	0.8379	5.56	0.150701439
2	M	M2	402	0.6857	0.0617	0.014808	0.624	6.72	0.092857143
2	M	M2	403	0.1677	0.0531	0.012744	0.1146	5.03	0.0227833
2	M	M2	404	0.3121	0.0806	0.019344	0.2315	6.12	0.037826797
2	M	M2	405	0.6975	0.0405	0.00972	0.657	4.55	0.144395604
2	M	M2	406	0.2719	0.0699	0.016776	0.202	6.58	0.030699088
2	M	M2	407	1.1549	0.2704	0.064896	0.8845	5.82	0.151975945
2	M	M2	408	2.2413	0.2169	0.052056	2.0244	7.22	0.280387812
2	M	M2	409	1.1063	0.2523	0.060552	0.854	6.05	0.141157025
2	M	M2	410	0.4217	0.1811	0.043464	0.2406	6.09	0.039507389
2	M	M2	411	1.0207	0.2004	0.048096	0.8203	5.74	0.142909408
2	M	M2	412	0.3177	0.1487	0.035688	0.169	7.3	0.023150685
2	M	M2	413	0.4082	0.1098	0.026352	0.2984	8.65	0.03449711
2	M	M2	414	0.7877	0.1523	0.036552	0.6354	8.4	0.075642857
2	M	M2	415	1.5208	0.1794	0.043056	1.3414	6.01	0.223194676
2	M	M2	416	1.1581	0.1867	0.044808	0.9714	6.64	0.146295181
2	M	M2	417	0.3424	0.1719	0.041256	0.1705	6.6	0.025833333
2	M	M2	418	1.0219	0.3327	0.079848	0.6892	6.7	0.102865672
2	M	M2	419	0.3606	0.1664	0.039936	0.1942	5.7	0.034070175
2	M	M2	420	0.8299	0.2163	0.051912	0.6136	5.83	0.105248714
2	M	M2	421	0.3206	0.1635	0.03924	0.1571	6.11	0.025711948
2	M	M2	422	0.3436	0.1871	0.044904	0.1565	7.06	0.022167139
2	M	M2	423	0.3487	0.1357	0.032568	0.213	6.76	0.031508876
2	M	M2	424	0.6701	0.1069	0.025656	0.5632	6.28	0.089681529
2	M	M2	425	0.3358	0.123	0.02952	0.2128	7.05	0.030184397
2	M	M2	426	0.3091	0.1399	0.033576	0.1692	6.48	0.026111111
2	M	M2	427	0.6259	0.0918	0.022032	0.5341	5.68	0.09403169
2	M	M2	428	0.8148	0.1438	0.034512	0.671	5.52	0.121557971
2	M	M2	429	0.2701	0.1064	0.025536	0.1637	7.13	0.022959327
2	M	M2	430	1.2771	0.1747	0.041928	1.1024	6.93	0.159076479
2	M	M2	431	1.0138	0.1835	0.04404	0.8303	6.45	0.128728682
2	M	M2	432	0.5767	0.0779	0.018696	0.4988	6.75	0.073896296
2	M	M2	433	0.7217	0.1031	0.024744	0.6186	4.9	0.126244898
2	M	M2	434	0.9377	0.1183	0.028392	0.8194	5.36	0.152873134
2	M	M2	435	0.4657	0.1266	0.030384	0.3391	6.36	0.05331761
2	M	M2	436	0.2502	0.1048	0.025152	0.1454	5.58	0.026057348
2	M	M2	437	0.6314	0.0843	0.020232	0.5471	6.38	0.085752351
2	M	M2	438	0.3411	0.0956	0.022944	0.2455	6.33	0.03878357
2	M	M2	439	0.4714	0.0716	0.017184	0.3998	5.62	0.07113879
2	M	M2	440	0.1152	0.0556	0.013344	0.0596	5.26	0.011330798
2	M	M2	441	1.0554	0.0825	0.0198	0.9729	5.92	0.164341216
2	M	M2	442	0.8912	0.2121	0.050904	0.6791	5.5	0.123472727
2	M	M2	443	1.4769	0.1361	0.032664	1.3408	5.84	0.229589041
2	M	M2	444	1.2116	0.1798	0.043152	1.0318	7.05	0.14635461
2	M	M2	445	0.3972	0.1899	0.045576	0.2073	5.84	0.035496575
2	M	M2	446	1.5749	0.113	0.02712	1.4619	7.17	0.203891213
2	M	M2	447	0.4554	0.0668	0.016032	0.3886	6.01	0.064658902
2	M	M2	448	0.5008	0.0694	0.016656	0.4314	4.37	0.098718535
2	M	M2	449	0.8277	0.1147	0.027528	0.713	6.12	0.116503268
2	M	M2	450	0.8222	0.0171	0.004104	0.8051	5.76	0.139774306
2	M	M2	451	0.6393	0.0328	0.007872	0.6065	4.95	0.122525253
2	M	M2	452	0.6045	0.0171	0.004104	0.5874	6.16	0.095357143
2	M	M2	453	0.4857	0.0231	0.005544	0.4626	6.35	0.072850394
2	M	M2	454	1.0644	0.1033	0.024792	0.9611	5.31	0.180998117
2	M	M2	456	0.386	0.1037	0.024888	0.2823	6.09	0.04635468
2	M	M2	457	0.1789	0.0552	0.013248	0.1237	6.02	0.020548173
2	M	M2	458	0.7195	0.0877	0.021048	0.6318	5.13	0.123157895
2	M	M2	459	1.189	0.1328	0.031872	1.0562	5.16	0.204689922
2	M	M2	460	1.0878	0.1021	0.024504	0.9857	4.6	0.214282609
2	M	M2	461	1.3352	0.1055	0.02532	1.2297	5.68	0.216496479
2	M	M2	462	1.0221	0.0745	0.01788	0.9476	5.18	0.182934363
2	M	M2	463	0.2516	0.0958	0.022992	0.1558	5.86	0.026587031
2	M	M2	464	0.3486	0.0569	0.013656	0.2917	7.62	0.03828084
2	M	M2	465	0.2831	0.0813	0.019512	0.2018	6.95	0.029035971
2	M	M2	466	0.5956	0.1011	0.024264	0.4945	5.18	0.09546332
2	M	M2	467	0.2431	0.0986	0.023664	0.1445	6.85	0.021094891
2	M	M2	468	0.395	0.0758	0.018192	0.3192	5.5	0.058036364
2	M	M2	469	0.4915	0.0867	0.020808	0.4048	6.77	0.059793205
2	M	M2	470	0.5975	0.0858	0.020592	0.5117	5.69	0.089929701
2	M	M2	471	0.6723	0.0555	0.01332	0.6168	4.85	0.127175258
2	M	M2	472	0.6196	0.047	0.01128	0.5726	5.56	0.102985612
2	M	M2	473	0.0139	0.056	0.01344	-0.0421	5.34	-0.007883895
2	M	M2	474	0.107	0.0231	0.005544	0.0839	7.14	0.0117507
2	M	M2	475	0.4152	0.0189	0.004536	0.3963	6.28	0.063105096
2	M	M2	476	0.0246	0.0735	0.01764	-0.0489	6.21	-0.007874396
2	M	M2	477	0.756	0.0334	0.008016	0.7226	6.19	0.116736672
2	M	M2	478	0.2289	0.0114	0.002736	0.2175	5.87	0.037052811
2	M	M2	479	0.6469	0.0281	0.006744	0.6188	6.72	0.092083333
2	M	M2	480	0.2998	0.0157	0.003768	0.2841	6.2	0.045822581